0.0,0.029737587323201208,0.2739773999798815,0.07097555557844283,0.09446244190246311,0.07290298519859566,0.01995318572004273,0.5253588108995874,0.25756522691656497,0.4312213993299778,0.14885948510098654,0.027394946070166553,0.23110416317481225,0.08766273506909429,0.09896072214320256,0.07174364481086083,0.15656057703368723,0.13715136858057106,0.612353953823275,0.11172076923725777,0.13905570491639777,0.17929624254856721,0.10035446735186244
0.029737587323201208,0.0,0.30245503955369824,0.08986975209024901,0.12410811091139735,0.0675774057523778,0.03369725042426415,0.4956742355423898,0.28452947630484504,0.4595838603442553,0.17705348924533668,0.030037150981340136,0.26035172604696444,0.10260645528424814,0.1169833153889612,0.10075755025895326,0.18540971045038032,0.11036281441301511,0.5826696092857712,0.14145665837491989,0.11240045560183459,0.1500416595317702,0.1289311580967546
0.2739773999798815,0.30245503955369824,0.0,0.22596784316651386,0.19042074616166113,0.2889943283953156,0.27105325657739193,0.7873684187531094,0.043472894419594836,0.15726876577316487,0.1254721383826291,0.2796254038941148,0.051634171356086916,0.22820427887762998,0.21057976381553098,0.20233541599714353,0.11772280635284475,0.38861614208063716,0.8737300137848862,0.1702326362845227,0.38967799875862613,0.44125436400854073,0.17363495734756565
0.07097555557844283,0.08986975209024901,0.22596784316651386,0.0,0.09044876521499234,0.06401005757159964,0.05655376940979608,0.5615447746342355,0.20178206298083234,0.3807284133397665,0.10383186976198545,0.06077724658659357,0.1913118782044529,0.020473436561943344,0.02798548695551077,0.05377267299668214,0.11646280391995519,0.16276473812413214,0.6480412849062939,0.09623717085423553,0.1638939257184916,0.21542686404585354,0.0660641137800299
0.09446244190246311,0.12410811091139735,0.19042074616166113,0.09044876521499234,0.0,0.1433543527500855,0.10060909210690448,0.6197797696497643,0.18372910477163493,0.34643157167417216,0.07540707825707284,0.11138531427459651,0.14286431884352896,0.10858448184082353,0.10318392045162683,0.03675687723453293,0.07565608034723509,0.2289425020299599,0.7067749816502007,0.02019122409361096,0.23065754220045476,0.27358572480955695,0.0399702011133138
0.07290298519859566,0.0675774057523778,0.2889943283953156,0.06401005757159964,0.1433543527500855,0.0,0.053887790437905245,0.49841628264759197,0.2625165512079165,0.44237886262657117,0.16783956230843913,0.04565752576026573,0.25531399135874505,0.06192489461948526,0.07996321490502012,0.10839498617413666,0.1803718801575442,0.09991900334359118,0.5847360036995233,0.1541060533410378,0.1008567293004703,0.15420182809294877,0.1279417250716202
0.01995318572004273,0.03369725042426415,0.27105325657739193,0.05655376940979608,0.10060909210690448,0.053887790437905245,0.0,0.5221177135676364,0.25171510458540364,0.4278758100276797,0.14561556855342753,0.01089892242069943,0.23059293464917827,0.07091683046953506,0.08410326354240154,0.07176898293416262,0.15498513564820696,0.12834678861154972,0.609052683388467,0.11566633381910921,0.13005214490515316,0.17466368588335018,0.09846380490225991
0.5253588108995874,0.4956742355423898,0.7873684187531094,0.5615447746342355,0.6197797696497643,0.49841628264759197,0.5221177135676364,0.0,0.7600064290362972,0.9401227470232802,0.6644486035077987,0.5121976956396528,0.7514162065264303,0.5597325784352329,0.5776410311670626,0.5938766529570128,0.6755727682392013,0.39878620544726484,0.08699541369692383,0.6368547186704238,0.3976967090877434,0.34761493402048155,0.6197774779336572
0.25756522691656497,0.28452947630484504,0.043472894419594836,0.20178206298083234,0.18372910477163493,0.2625165512079165,0.25171510458540364,0.7600064290362972,0.0,0.18011672146658667,0.11063636225173287,0.2592174165909138,0.06991047764177671,0.20067547355533813,0.18265907181649704,0.18772784364971778,0.10809618239508677,0.36238881044816235,0.8458633644070012,0.16409587482977042,0.363253809962887,0.4164708160014152,0.1588186041717789
0.4312213993299778,0.4595838603442553,0.15726876577316487,0.3807284133397665,0.34643157167417216,0.44237886262657117,0.4278758100276797,0.9401227470232802,0.18011672146658667,0.0,0.2825306885160931,0.43617999171917493,0.20381678777840245,0.38064652027577095,0.3626599431263326,0.3596020565404391,0.27495563614849705,0.5422949018948479,1.0259594769409204,0.3263208662425812,0.5432004187716637,0.5960154338721246,0.3308691753572113
0.14885948510098654,0.17705348924533668,0.1254721383826291,0.10383186976198545,0.07540707825707284,0.16783956230843913,0.14561556855342753,0.6644486035077987,0.11063636225173287,0.2825306885160931,0.0,0.1543500841034221,0.08749158724299935,0.11073294511788513,0.09514309483143006,0.07770082121987625,0.015404872297782389,0.26599059681926873,0.7511153420060234,0.057497591916474154,0.2672237402270886,0.3172730328278431,0.04870268135126338
0.027394946070166553,0.030037150981340136,0.2796254038941148,0.06077724658659357,0.11138531427459651,0.04565752576026573,0.01089892242069943,0.5121976956396528,0.2592174165909138,0.43617999171917493,0.1543500841034221,0.0,0.2399535023174151,0.07260266402067721,0.08733121848255897,0.08181365793552627,0.164196222587743,0.11763716501247821,0.59910388163736,0.12616882863750767,0.11931694057662638,0.16462604924883173,0.10784389815807771
0.23110416317481225,0.26035172604696444,0.051634171356086916,0.1913118782044529,0.14286431884352896,0.25531399135874505,0.23059293464917827,0.7514162065264303,0.06991047764177671,0.20381678777840245,0.08749158724299935,0.2399535023174151,0.0,0.19735353607574646,0.18088741510968634,0.1596127141224088,0.07586257541201383,0.35327781945452735,0.8381676802752431,0.1228710954982984,0.3545459966828391,0.4039490318128886,0.1321420221815586
0.08766273506909429,0.10260645528424814,0.22820427887762998,0.020473436561943344,0.10858448184082353,0.06192489461948526,0.07091683046953506,0.5597325784352329,0.20067547355533813,0.38064652027577095,0.11073294511788513,0.07260266402067721,0.19735353607574646,0.0,0.018040390953978542,0.07240353815628515,0.12463977557023212,0.16171757327171904,0.6458648729466394,0.11220529204930382,0.16258045709840582,0.21610952446688475,0.0797992145493753
0.09896072214320256,0.1169833153889612,0.21057976381553098,0.02798548695551077,0.10318392045162683,0.07996321490502012,0.08410326354240154,0.5776410311670626,0.18265907181649704,0.3626599431263326,0.09514309483143006,0.08733121848255897,0.18088741510968634,0.018040390953978542,0.0,0.06903103797964251,0.10955716729473929,0.17974429430499125,0.6637254945032779,0.10367895850307836,0.1805967973314773,0.234142520492432,0.06982474169778631
0.07174364481086083,0.10075755025895326,0.20233541599714353,0.05377267299668214,0.03675687723453293,0.10839498617413666,0.07176898293416262,0.5938766529570128,0.18772784364971778,0.3596020565404391,0.07770082121987625,0.08181365793552627,0.1596127141224088,0.07240353815628515,0.06903103797964251,0.0,0.08481854896325054,0.19869255580829778,0.6808091266086445,0.04582079725724007,0.2002443050828595,0.24638326837945934,0.029008493131760266
0.15656057703368723,0.18540971045038032,0.11772280635284475,0.11646280391995519,0.07565608034723509,0.1803718801575442,0.15498513564820696,0.6755727682392013,0.10809618239508677,0.27495563614849705,0.015404872297782389,0.164196222587743,0.07586257541201383,0.12463977557023212,0.10955716729473929,0.08481854896325054,0.0,0.27762160747740317,0.7623413683562152,0.056068003370081006,0.27892604131323595,0.3280869965651427,0.05657951683917803
0.13715136858057106,0.11036281441301511,0.38861614208063716,0.16276473812413214,0.2289425020299599,0.09991900334359118,0.12834678861154972,0.39878620544726484,0.36238881044816235,0.5422949018948479,0.26599059681926873,0.11763716501247821,0.35327781945452735,0.16171757327171904,0.17974429430499125,0.19869255580829778,0.27762160747740317,0.0,0.485283711291382,0.24368052797356285,0.002348238850167431,0.05589042201632455,0.22273026727467204
0.612353953823275,0.5826696092857712,0.8737300137848862,0.6480412849062939,0.7067749816502007,0.5847360036995233,0.609052683388467,0.08699541369692383,0.8458633644070012,1.0259594769409204,0.7511153420060234,0.59910388163736,0.8381676802752431,0.6458648729466394,0.6637254945032779,0.6808091266086445,0.7623413683562152,0.485283711291382,0.0,0.7238416351441588,0.4841495993874776,0.4344943249458459,0.7066251052681805
0.11172076923725777,0.14145665837491989,0.1702326362845227,0.09623717085423553,0.02019122409361096,0.1541060533410378,0.11566633381910921,0.6368547186704238,0.16409587482977042,0.3263208662425812,0.057497591916474154,0.12616882863750767,0.1228710954982984,0.11220529204930382,0.10367895850307836,0.04582079725724007,0.056068003370081006,0.24368052797356285,0.7238416351441588,0.0,0.24529909426316016,0.28994157770528256,0.03430000745395973
0.13905570491639777,0.11240045560183459,0.38967799875862613,0.1638939257184916,0.23065754220045476,0.1008567293004703,0.13005214490515316,0.3976967090877434,0.363253809962887,0.5432004187716637,0.2672237402270886,0.11931694057662638,0.3545459966828391,0.16258045709840582,0.1805967973314773,0.2002443050828595,0.27892604131323595,0.002348238850167431,0.4841495993874776,0.24529909426316016,0.0,0.055701848035955355,0.22414165673213354
0.17929624254856721,0.1500416595317702,0.44125436400854073,0.21542686404585354,0.27358572480955695,0.15420182809294877,0.17466368588335018,0.34761493402048155,0.4164708160014152,0.5960154338721246,0.3172730328278431,0.16462604924883173,0.4039490318128886,0.21610952446688475,0.234142520492432,0.24638326837945934,0.3280869965651427,0.05589042201632455,0.4344943249458459,0.28994157770528256,0.055701848035955355,0.0,0.272170564129235
0.10035446735186244,0.1289311580967546,0.17363495734756565,0.0660641137800299,0.0399702011133138,0.1279417250716202,0.09846380490225991,0.6197774779336572,0.1588186041717789,0.3308691753572113,0.04870268135126338,0.10784389815807771,0.1321420221815586,0.0797992145493753,0.06982474169778631,0.029008493131760266,0.05657951683917803,0.22273026727467204,0.7066251052681805,0.03430000745395973,0.22414165673213354,0.272170564129235,0.0
